5458
3792
4541
7759
8845
5102
7850
8722
8560
1738
2926
7107
5184
3323
6094
7674
2954
5980
6792
9805
7454
4344
9520
5845
3434
9174
2212
2631
7981
9271
9679
2488
6031
1285
9459
9976
1342
1519
988
3683
9563
9087
888
2341
6037
8107
1263
6113
7125
1713
7444
9411
9596
4697
1937
2267
589
155
3959
1252
8406
5482
9633
5205
3453
1589
1145
6662
3611
5723
7155
4658
1144
3036
9236
6604
1682
2670
4858
3000
3819
4138
2405
448
2220
5502
8378
3837
4186
2893
3415
7676
8560
9940
4695
9728
5271
6889
9037
1217
8031
6092
2966
999
5731
3540
9270
5321
9040
1586
8306
6964
4171
9792
3680
7390
4826
6351
361
538
2472
9932
4750
9554
3473
742
8644
7608
3019
1646
2517
5780
7668
1135
6716
3730
6807
2862
4981
6904
5510
6091
1748
2553
7802
3636
863
2424
1454
4806
570
2251
2450
2749
8816
7715
1615
8356
9211
949
1987
9229
4447
2650
9269
7938
9065
553
3610
1250
1123
7739
3402
7142
9257
8361
2940
8656
10000
5553
2861
3695
5012
5540
270
3416
2353
3034
2065
4940
3600
232
8894
7275
4355
6747
408
1288
2381
7102
6576
4506
2768
5384
2924
8930
541
6138
9238
9398
9093
6944
1569
527
2126
9010
9768
8036
7024
9878
4706
7845
9570
6192
7017
2330
8283
4715
2348
5738
7786
1916
6179
7648
3028
5309
4707
8534
71
7355
6030
6694
5922
3543
8581
104
4357
9389
9201
9375
3139
2038
2818
6173
5980
791
774
5336
6511
4861
3895
3309
1782
3506
6808
6674
7778
5486
6195
9117
4212
3805
679
9657
4553
6268
732
1640
9349
9778
1940
5123
4958
662
2864
8249
399
7485
4177
6157
2185
4954
715
5355
1503
575
6379
2010
9071
6845
1660
9288
8340
2012
1809
7842
808
3956
1923
8315
6142
3064
2805
4846
3202
1857
3058
2530
3102
1827
9507
7317
8459
8031
5038
6369
132
4935
9596
4271
1555
5729
1463
9823
9692
7475
7348
1825
7163
6897
6964
5005
3787
4152
1696
6812
3599
2664
6315
8253
8369
5176
7749
7819
5094
7824
6480
6989
6516
2348
3424
2182
8051
3547
3495
216
9241
8295
8050
2687
7865
9544
6468
2464
7169
8212
6914
4426
1476
7859
4996
6091
1689
3839
2226
980
2159
5893
8867
7584
9097
1089
9927
8700
5038
984
3878
7210
9572
1441
5098
4227
7173
9560
932
4220
7642
2684
6585
8298
3147
1302
348
7559
787
9131
8099
5742
9883
140
7178
7337
6071
2881
4003
3942
7353
4384
9158
4540
8194
1999
5205
771
2240
2405
360
6271
5085
8572
5963
6145
4708
1059
4741
4705
1318
5836
8088
9804
6960
8121
6614
4531
6918
965
7265
7557
4378
741
6477
1330
7601
3298
6296
6508
7691
4465
7526
3889
6195
1479
3262
1147
401
9206
8659
8179
6286
6222
3027
8699
3765
5008
1810
3597
9499
8572
9149
1270
8564
9345
3952
1814
9444
2534
6245
7298
7964
6383
